Хорошая не рандомная:
[[  2.82e-04   2.75e-05   3.98e-05  -1.08e-04   4.70e-05   4.73e-10   -1.26e-07   9.51e-05   4.90e-10  -6.27e-05   1.28e-10   2.21e-05]
 [  2.75e-05   1.28e-04   1.43e-04  -7.29e-05  -4.67e-05  -1.80e-10    5.24e-06  -8.28e-05  -4.04e-10   7.91e-05   3.82e-11   3.41e-05]
 [  3.98e-05   1.43e-04   8.72e-05  -7.29e-05  -1.80e-05  -1.92e-10    7.39e-06  -8.28e-05  -4.68e-10   9.17e-05  -9.55e-11   2.65e-05]
 [ -1.08e-04  -7.29e-05  -7.29e-05   2.66e-05  -1.02e-05   7.74e-11   -7.36e-05   5.48e-05   9.88e-11  -1.48e-06  -5.50e-11   1.01e-04]
 [  4.70e-05  -4.67e-05  -1.80e-05  -1.02e-05   5.22e-05   2.32e-11    7.74e-05  -2.96e-06  -2.80e-10   3.26e-05  -8.58e-11  -1.15e-04]
 [  4.73e-10  -1.80e-10  -1.92e-10   7.74e-11   2.32e-11   5.07e-06    7.29e-11   8.21e-11   1.94e-05   2.53e-11   1.30e-04  -4.24e-08]
 [ -1.26e-07   5.24e-06   7.39e-06  -7.36e-05   7.74e-05   7.29e-11    6.08e-05   4.58e-05   1.64e-10  -3.31e-05   2.04e-10  -2.09e-06]
 [  9.51e-05  -8.28e-05  -8.28e-05   5.48e-05  -2.96e-06   8.21e-11    4.58e-05   8.46e-05   8.48e-11   1.07e-05  -1.60e-11  -5.77e-06]
 [  4.90e-10  -4.04e-10  -4.68e-10   9.88e-11  -2.80e-10   1.94e-05    1.64e-10   8.48e-11   1.93e-04   5.18e-10  -1.95e-04  -3.06e-08]
 [ -6.27e-05   7.91e-05   9.17e-05  -1.48e-06   3.26e-05   2.53e-11   -3.31e-05   1.07e-05   5.18e-10   1.11e-04  -1.12e-09  -3.56e-05]
 [  1.28e-10   3.82e-11  -9.55e-11  -5.50e-11  -8.58e-11   1.30e-04    2.04e-10  -1.60e-11  -1.95e-04  -1.12e-09   1.63e-04  -2.93e-08]
 [  2.21e-05   3.41e-05   2.65e-05   1.01e-04  -1.15e-04  -4.24e-08   -2.09e-06  -5.77e-06  -3.06e-08  -3.56e-05  -2.93e-08   0.00e+00]]



[ -1.92e-04  -1.21e-04  -9.73e-05  -3.97e-05  -8.64e-06   6.83e-05   9.30e-05   1.25e-04   2.15e-04   3.67e-04   3.89e-04   3.94e-04]
[[ -2.48e-01  -7.57e-06   1.90e-01  -4.24e-02  -1.43e-01  -2.06e-01   -1.95e-04  -1.46e-01   2.60e-01   8.01e-01   2.24e-05   3.27e-01]
 [ -2.56e-03   5.33e-06  -2.18e-01  -7.06e-01   1.39e-01   2.12e-01    6.59e-05   1.16e-02   1.34e-01  -1.85e-01  -9.04e-06   5.80e-01]
 [ -2.27e-02   8.14e-06  -4.74e-01   6.00e-01  -2.98e-01   8.37e-02    7.48e-05  -5.54e-02   3.22e-02  -1.37e-01  -6.32e-06   5.43e-01]
 [ -5.43e-01  -3.84e-06  -2.20e-01  -2.20e-01  -5.27e-01   6.43e-02    7.86e-06  -2.99e-01   2.58e-01  -1.94e-01  -1.28e-05  -3.65e-01]
 [  4.00e-01   5.62e-06  -1.55e-01  -2.85e-01  -5.71e-01  -1.33e-01    2.07e-04  -4.65e-02  -5.91e-01   1.99e-01   1.68e-05  -1.62e-02]
 [  7.56e-05   6.85e-01   9.59e-05   9.03e-06  -1.65e-04   5.64e-04   -6.99e-01   5.86e-06  -1.77e-04   5.50e-06   2.04e-01   2.06e-07]
 [ -3.32e-01  -9.25e-06   2.36e-01   6.21e-02  -1.06e-01   7.68e-01    7.28e-04   2.75e-01  -3.51e-01   1.72e-01   9.18e-06   3.85e-02]
 [  2.59e-01   1.25e-05  -4.28e-01   2.46e-02   3.20e-01   4.27e-01    2.43e-04  -5.32e-01   3.49e-02   3.43e-01   1.02e-05  -2.50e-01]
 [  6.86e-05  -4.14e-01   5.34e-05   6.47e-06  -1.31e-04   4.79e-04   -6.05e-01   9.99e-06  -1.76e-04   3.60e-05  -6.80e-01  -1.21e-06]
 [ -7.04e-02  -1.29e-05   4.95e-01   6.56e-02   3.64e-02  -4.32e-03    9.78e-05  -7.25e-01  -2.85e-01  -2.73e-01  -8.68e-06   2.52e-01]
 [  5.53e-05  -5.99e-01   3.50e-05   4.87e-06  -9.01e-05   3.11e-04   -3.82e-01   2.81e-06  -8.30e-05  -1.79e-05   7.04e-01   5.05e-07]
 [  5.49e-01  -6.34e-06   3.68e-01   2.69e-02  -3.92e-01   3.33e-01    3.20e-04  -6.40e-03   5.41e-01  -7.46e-02  -2.95e-05  -3.12e-03]]













Плохая не рандомная:
[[ -2.77e-04  -7.41e-08   1.84e-05   1.00e-04  -5.04e-05  -2.86e-10    2.81e-06  -1.06e-04  -4.66e-10   7.10e-05  -2.08e-11   2.78e-05]
 [ -7.41e-08  -1.71e-04  -1.75e-04  -8.08e-05  -4.19e-05  -1.48e-10    8.58e-06  -9.37e-05  -4.17e-10   9.42e-05  -8.27e-11  -3.01e-05]
 [  1.84e-05  -1.75e-04  -1.27e-04  -8.09e-05  -1.44e-05  -3.90e-11    3.57e-06  -9.37e-05  -4.46e-10   1.05e-04   6.94e-11  -2.53e-05]
 [  1.00e-04  -8.08e-05  -8.09e-05  -1.38e-05  -1.10e-05  -1.58e-10   -7.30e-05  -6.45e-05  -9.97e-11  -1.01e-06  -2.25e-11   1.08e-04]
 [ -5.04e-05  -4.19e-05  -1.44e-05  -1.10e-05  -4.31e-05   6.09e-11    7.78e-05  -2.76e-06   1.81e-10  -2.10e-05  -1.27e-10  -1.22e-04]
 [ -2.86e-10  -1.48e-10  -3.90e-11  -1.58e-10   6.09e-11  -6.53e-05    1.06e-10  -7.32e-11   2.12e-05   1.75e-10   1.51e-04  -4.25e-08]
 [  2.81e-06   8.58e-06   3.57e-06  -7.30e-05   7.78e-05   1.06e-10   -7.81e-05   5.54e-05   3.89e-10  -4.16e-05   1.43e-10  -6.32e-06]
 [ -1.06e-04  -9.37e-05  -9.37e-05  -6.45e-05  -2.76e-06  -7.32e-11    5.54e-05  -1.19e-04  -8.81e-11   1.17e-05   3.53e-11  -8.82e-06]
 [ -4.66e-10  -4.17e-10  -4.46e-10  -9.97e-11   1.81e-10   2.12e-05    3.89e-10  -8.81e-11  -2.70e-04  -8.38e-10  -2.20e-04  -3.06e-08]
 [  7.10e-05   9.42e-05   1.05e-04  -1.01e-06  -2.10e-05   1.75e-10   -4.16e-05   1.17e-05  -8.38e-10  -1.42e-04  -1.25e-09  -3.42e-05]
 [ -2.08e-11  -8.27e-11   6.94e-11  -2.25e-11  -1.27e-10   1.51e-04    1.43e-10   3.53e-11  -2.20e-04  -1.25e-09  -2.21e-04  -2.94e-08]
 [  2.78e-05  -3.01e-05  -2.53e-05   1.08e-04  -1.22e-04  -4.25e-08   -6.32e-06  -8.82e-06  -3.06e-08  -3.42e-05  -2.94e-08   0.00e+00]]


[ -5.00e-04  -4.91e-04  -3.60e-04  -2.05e-04  -1.39e-04  -1.23e-04  -8.71e-05   6.44e-07   2.83e-05   6.23e-05   6.66e-05   2.19e-04]
[[ -8.13e-06   2.18e-01   8.31e-01  -2.39e-01  -1.64e-01   1.23e-04    2.36e-01   1.45e-01   1.07e-02  -2.20e-01  -6.08e-04   2.30e-01]
 [ -2.43e-05   5.75e-01  -2.07e-01   1.30e-01  -1.96e-02   1.19e-05    2.31e-01   1.88e-01  -7.19e-01  -4.45e-02  -1.56e-04  -4.09e-02]
 [ -2.03e-05   5.22e-01  -2.32e-01   3.21e-02   4.19e-02   4.00e-05    1.12e-01  -3.24e-01   4.79e-01  -5.65e-01  -1.30e-03  -6.67e-02]
 [  7.99e-06   1.77e-01  -3.64e-01  -2.35e-01  -3.07e-01   1.78e-05   -8.98e-02   5.11e-01   2.77e-01   1.34e-01   1.42e-04   5.69e-01]
 [ -2.30e-05   1.06e-01   1.38e-01   5.84e-01  -5.76e-02  -1.84e-04    1.35e-01   5.47e-01   3.54e-01   1.32e-01   3.44e-04  -4.07e-01]
 [  2.70e-01   1.27e-05   1.19e-05   2.46e-04  -3.29e-06   6.91e-01   -1.90e-04  -6.34e-05   2.62e-05   1.65e-03  -6.71e-01  -1.27e-04]
 [  8.42e-06  -9.73e-02  -1.72e-01  -3.77e-01  -2.92e-01   3.79e-04    7.33e-01  -1.13e-01   1.17e-01   2.83e-01   8.11e-04  -2.99e-01]
 [ -1.50e-05   3.97e-01   1.45e-01  -1.24e-02  -5.27e-01  -1.07e-04   -4.42e-01  -3.36e-01   4.29e-02   4.34e-01   1.16e-03  -2.11e-01]
 [ -6.79e-01  -2.30e-05  -2.97e-06   9.81e-05   8.29e-07   6.30e-01   -2.75e-04   1.70e-04  -3.02e-05  -9.92e-04   3.76e-01  -6.13e-06]
 [  3.47e-06  -3.73e-01  -9.07e-02   2.71e-01  -7.15e-01  -9.82e-05    8.65e-04  -2.69e-02  -1.81e-01  -4.85e-01  -1.20e-03   1.15e-02]
 [ -6.83e-01  -2.57e-05  -7.62e-06  -8.41e-05   1.88e-06  -3.54e-01    1.63e-04  -1.61e-04   3.68e-05   1.62e-03  -6.39e-01  -7.81e-05]
 [ -6.80e-05   1.71e-02   4.99e-02   5.59e-01   8.04e-04   8.04e-05    3.46e-01  -3.90e-01   5.87e-02   3.03e-01   8.39e-04   5.64e-01]]